5 0.547463 0.781229 0.034313 0.105686
5 0.516100 0.755602 0.030990 0.101042
5 0.485634 0.731111 0.028964 0.096630
5 0.568533 0.723737 0.033606 0.097336
5 0.458088 0.708548 0.028154 0.092588
5 0.537415 0.705948 0.029626 0.092118
0 0.570300 0.614879 0.058904 0.172877
5 0.433512 0.688418 0.027409 0.088999
5 0.513182 0.676962 0.026789 0.086958
5 0.544982 0.945857 0.032264 0.101053
0 0.523887 0.586476 0.053058 0.165131
5 0.486744 0.658371 0.025297 0.083668
5 0.514684 0.921467 0.028242 0.094255
5 0.486839 0.892812 0.026550 0.090416
5 0.463371 0.641670 0.024700 0.080724
5 0.562898 0.883954 0.030589 0.092095
0 0.482465 0.564326 0.047423 0.152661
5 0.532432 0.869742 0.028578 0.090066
5 0.461450 0.866232 0.025868 0.086877
5 0.504235 0.848811 0.025297 0.084566
5 0.438660 0.842373 0.025239 0.083719
5 0.479472 0.825256 0.024195 0.081460
0 0.444529 0.542191 0.045579 0.143903
5 0.461740 0.795097 0.023279 0.077507
5 0.440314 0.922514 0.030082 0.100840
7 0.575345 0.949605 0.025070 0.072683
0 0.380019 0.504398 0.042735 0.129085
7 0.590388 0.868174 0.023735 0.065638
5 0.463883 0.947620 0.026665 0.090544
0 0.386975 0.610178 0.037766 0.099438
