0 0.471985 0.531592 0.051332 0.157400
0 0.473002 0.648875 0.038727 0.120407
0 0.444752 0.614097 0.036941 0.112464
0 0.513182 0.461932 0.048695 0.133828
0 0.528640 0.586414 0.041371 0.114506
7 0.458393 0.820375 0.024731 0.065464
0 0.555223 0.456535 0.047168 0.130333
7 0.486429 0.776492 0.023486 0.059872
7 0.449824 0.758541 0.022682 0.058430
7 0.434477 0.803789 0.022874 0.060829
7 0.456581 0.891612 0.023455 0.064391
0 0.504049 0.635916 0.030716 0.096252
7 0.511061 0.737941 0.022352 0.055114
7 0.476302 0.721607 0.021633 0.053871
7 0.483395 0.845432 0.022333 0.059063
7 0.433913 0.871549 0.021777 0.059939
7 0.534513 0.701245 0.021237 0.050720
0 0.594481 0.419117 0.038061 0.108765
7 0.507101 0.804613 0.021306 0.054502
0 0.590163 0.509241 0.026827 0.083607
7 0.510581 0.693677 0.019871 0.047863
7 0.553793 0.671079 0.020295 0.047205
7 0.522349 0.657389 0.019715 0.046267
7 0.529797 0.765535 0.020291 0.050266
0 0.584801 0.575310 0.025905 0.082224
7 0.571102 0.644002 0.019429 0.044126
7 0.548551 0.733250 0.019431 0.046863
0 0.559290 0.552694 0.025079 0.078268
7 0.539521 0.651815 0.018646 0.043231
7 0.565460 0.704143 0.018637 0.043870
