0 0.469490 0.583838 0.051338 0.154707
0 0.470609 0.694798 0.038842 0.118503
0 0.442326 0.658473 0.037099 0.110831
0 0.511172 0.507682 0.048924 0.132387
0 0.526773 0.628209 0.041628 0.113414
0 0.553571 0.500885 0.047401 0.128808
7 0.456036 0.858313 0.024832 0.064920
7 0.484313 0.813152 0.023615 0.059465
7 0.447487 0.795116 0.022826 0.058062
7 0.432031 0.839822 0.023014 0.060378
0 0.502199 0.673295 0.030991 0.095041
7 0.454262 0.925847 0.023584 0.063788
7 0.509240 0.773349 0.022503 0.054809
7 0.474224 0.756914 0.021797 0.053597
7 0.481334 0.878727 0.022484 0.058597
7 0.431477 0.904268 0.021938 0.059434
0 0.593604 0.459204 0.038379 0.107543
7 0.533042 0.735346 0.021408 0.050496
7 0.505338 0.836952 0.021475 0.054140
0 0.589405 0.545771 0.027147 0.082758
7 0.508990 0.726188 0.020061 0.047671
7 0.552663 0.704022 0.020480 0.047038
7 0.520912 0.690217 0.019908 0.046118
7 0.528384 0.796850 0.020477 0.049990
0 0.577725 0.603324 0.026029 0.080403
7 0.570318 0.675840 0.019626 0.044003
7 0.547473 0.763636 0.019627 0.046648
7 0.538426 0.682734 0.018850 0.043107
0 0.619723 0.417731 0.033925 0.093226
7 0.557162 0.638442 0.018362 0.040592
